30.38843 172.34136 23 4
60.77686 344.68271 23 4
86.82409 492.40388 23 4
173.64818 984.80775 23 4
59.85353 164.44621 23 4
119.70705 328.89242 23 4
171.01007 469.84631 23 4
342.02014 939.69262 23 4
87.5 151.55445 23 4
175.0 303.10889 23 4
250.0 433.0127 23 4
500.0 866.0254 23 4
112.48783 134.05778 23 4
224.97566 268.11556 23 4
321.3938 383.02222 23 4
642.78761 766.04444 23 4
134.05778 112.48783 23 4
268.11556 224.97566 23 4
383.02222 321.3938 23 4
766.04444 642.78761 23 4
151.55445 87.5 23 4
303.10889 175.0 23 4
433.0127 250.0 23 4
866.0254 500.0 23 4
164.44621 59.85353 23 4
328.89242 119.70705 23 4
469.84631 171.01007 23 4
939.69262 342.02014 23 4
172.34136 30.38843 23 4
344.68271 60.77686 23 4
492.40388 86.82409 23 4
984.80775 173.64818 23 4
175.0 0.0 23 4
350.0 0.0 23 4
500.0 0.0 23 4
1000.0 0.0 23 4
172.34136 -30.38843 23 4
344.68271 -60.77686 23 4
492.40388 -86.82409 23 4
984.80775 -173.64818 23 4
164.44621 -59.85353 23 4
328.89242 -119.70705 23 4
469.84631 -171.01007 23 4
939.69262 -342.02014 23 4
151.55445 -87.5 23 4
303.10889 -175.0 23 4
433.0127 -250.0 23 4
866.0254 -500.0 23 4
134.05778 -112.48783 23 4
268.11556 -224.97566 23 4
383.02222 -321.3938 23 4
766.04444 -642.78761 23 4
112.48783 -134.05778 23 4
224.97566 -268.11556 23 4
321.3938 -383.02222 23 4
642.78761 -766.04444 23 4
87.5 -151.55445 23 4
175.0 -303.10889 23 4
250.0 -433.0127 23 4
500.0 -866.0254 23 4
59.85353 -164.44621 23 4
119.70705 -328.89242 23 4
171.01007 -469.84631 23 4
342.02014 -939.69262 23 4
30.38843 -172.34136 23 4
60.77686 -344.68271 23 4
86.82409 -492.40388 23 4
173.64818 -984.80775 23 4
0.0 -175.0 23 4
0.0 -350.0 23 4
0.0 -500.0 23 4
0.0 -1000.0 23 4
-30.38843 -172.34136 23 4
-60.77686 -344.68271 23 4
-86.82409 -492.40388 23 4
-173.64818 -984.80775 23 4
-59.85353 -164.44621 23 4
-119.70705 -328.89242 23 4
-171.01007 -469.84631 23 4
-342.02014 -939.69262 23 4
-87.5 -151.55445 23 4
-175.0 -303.10889 23 4
-250.0 -433.0127 23 4
-500.0 -866.0254 23 4
-112.48783 -134.05778 23 4
-224.97566 -268.11556 23 4
-321.3938 -383.02222 23 4
-642.78761 -766.04444 23 4
-134.05778 -112.48783 23 4
-268.11556 -224.97566 23 4
-383.02222 -321.3938 23 4
-766.04444 -642.78761 23 4
-151.55445 -87.5 23 4
-303.10889 -175.0 23 4
-433.0127 -250.0 23 4
-866.0254 -500.0 23 4
-164.44621 -59.85353 23 4
-328.89242 -119.70705 23 4
-469.84631 -171.01007 23 4
-939.69262 -342.02014 23 4
-172.34136 -30.38843 23 4
-344.68271 -60.77686 23 4
-492.40388 -86.82409 23 4
-984.80775 -173.64818 23 4
-175.0 0.0 23 4
-350.0 0.0 23 4
-500.0 0.0 23 4
-1000.0 0.0 23 4
-172.34136 30.38843 23 4
-344.68271 60.77686 23 4
-492.40388 86.82409 23 4
-984.80775 173.64818 23 4
-164.44621 59.85353 23 4
-328.89242 119.70705 23 4
-469.84631 171.01007 23 4
-939.69262 342.02014 23 4
-151.55445 87.5 23 4
-303.10889 175.0 23 4
-433.0127 250.0 23 4
-866.0254 500.0 23 4
-134.05778 112.48783 23 4
-268.11556 224.97566 23 4
-383.02222 321.3938 23 4
-766.04444 642.78761 23 4
-112.48783 134.05778 23 4
-224.97566 268.11556 23 4
-321.3938 383.02222 23 4
-642.78761 766.04444 23 4
-87.5 151.55445 23 4
-175.0 303.10889 23 4
-250.0 433.0127 23 4
-500.0 866.0254 23 4
-59.85353 164.44621 23 4
-119.70705 328.89242 23 4
-171.01007 469.84631 23 4
-342.02014 939.69262 23 4
-30.38843 172.34136 23 4
-60.77686 344.68271 23 4
-86.82409 492.40388 23 4
-173.64818 984.80775 23 4
0.0 175.0 23 4
0.0 350.0 23 4
0.0 500.0 23 4
0.0 1000.0 23 4
